0 0.7523437500000001 0.28208332061770836 0.051562500000000004 0.03333333333333333
0 0.7765625 0.32583332061770837 0.037500000000000006 0.0375
0 0.403125 0.47583332061770833 0.0125 0.0125
0 0.509375 0.39458332061770834 0.028125 0.025
0 0.53828125 0.36645832061770833 0.0203125 0.01875
0 0.5875 0.39145832061770836 0.0125 0.022916666666666665
0 0.603125 0.43520832061770837 0.025 0.04375
0 0.5632812500000001 0.4529166539510417 0.0140625 0.025
0 0.2265625 0.30604165395104166 0.009375000000000001 0.014583333333333334
0 0.23203125000000002 0.354999987284375 0.0078125 0.020833333333333332
0 0.12734375 0.46541665395104165 0.13593750000000002 0.07083333333333333
0 0.9281250000000001 0.6556249936421875 0.109375 0.15541667938229164
0 0.21875 0.454999987284375 0.0125 0.016666666666666666
0 0.8632812500000782 0.5195833206177083 0.058533803368593776 0.08033707865166662
0 0.7265625 0.42062498728437503 0.08125 0.05625
0 0.0671875 0.370624987284375 0.015625 0.010416666666666666
0 0.1 0.34458332061770836 0.018750000000000003 0.025
0 0.06171875 0.3279166539510417 0.004687500000000001 0.008333333333333333
0 0.3671875 0.529999987284375 0.109375 0.07083333333333333
0 0.9328125 0.42374998728437496 0.07503124999999998 0.09595833333333334