0 0.5625 0.809583330154375 0.025 0.029166666666666667
0 0.53046875 0.7449999968210417 0.0328125 0.03333333333333333
0 0.5328125 0.7762499968210417 0.028125 0.025
0 0.51484375 0.9085416634877084 0.0328125 0.010416666666666666
0 0.51171875 0.984583330154375 0.0484375 0.025
1 0.45625000000000004 1.0866666634877082 0.215625 0.12083333333333333
1 0.7296875 0.778333330154375 0.043750000000000004 0.175
0 0.140625 1.047083334128125 0.034375 0.0875
0 0.035937500000000004 1.2325000007947915 0.059375000000000004 0.04583333333333333
0 0.14765625000000002 1.2137500007947917 0.0921875 0.08333333333333333
1 0.41171875 0.74416666030875 0.11406250000000001 0.37916666666666665
0 0.26171875 1.1418749968210415 0.1171875 0.10208333333333333
1 0.612499999999922 0.9843749999998958 0.2655970982142188 0.10168650793645828
1 0.234375 1.14375 0.3125 0.15