0 0.5375 1.0449999809264583 0.025 0.025
0 0.16718750000000002 0.8095833142597917 0.028125 0.020833333333333332
0 0.1953125 0.8845833142597916 0.037500000000000006 0.029166666666666667
0 0.34609375000000003 0.8845833142597916 0.010937500000000001 0.020833333333333332
0 0.4359374999999219 0.8533333142598958 0.056555706521718735 0.050287356321875025
0 0.27265625 0.8220833142597916 0.0234375 0.025
1 0.25546875 0.890625 0.010937500000000001 0.022916666666666665
1 0.26484375 0.9885416666666667 0.0203125 0.035416666666666666
1 0.41796875 1.0041666666666667 0.0140625 0.03333333333333333
1 0.44296875 0.96875 0.0140625 0.025
1 0.3375 0.8020833333333334 0.015625 0.025