2 0.1453125 0.33062499364208336 0.018750000000000003 0.035416666666666666
2 0.10625000000000001 0.25874999364208334 0.015625 0.041666666666666664
2 0.6742187500000001 0.26812499364208336 0.060937500000000006 0.05625
2 0.73046875 0.21499999364208336 0.026562500000000003 0.025
2 0.665625 0.20041666030875002 0.065625 0.058333333333333334
2 0.55234375 0.2514583269754167 0.029687500000000002 0.022916666666666665
2 0.51875 0.2389583269754167 0.021875000000000002 0.014583333333333334
2 0.43984375000000003 0.3764583269754167 0.0234375 0.04791666666666666
2 0.4609375 0.42749999364208335 0.025 0.03333333333333333
2 0.8304687500000001 0.15458332697541668 0.0234375 0.0125
2 0.7367187500000001 0.1827083269754167 0.0203125 0.022916666666666665
2 0.76328125 0.21187499364208334 0.0171875 0.03125
2 0.7921875 0.15458332697541668 0.015625 0.025
2 0.184375 0.38062499364208335 0.021875000000000002 0.03125
1 0.390625 0.70979166030875 0.140625 0.07708333333333334
1 0.20625000000000002 0.74416666030875 0.371875 0.07083333333333333