0 0.13828125 0.2670833269754167 0.15156250000000002 0.041666666666666664
0 0.1546875 0.22854166030875 0.043750000000000004 0.022916666666666665
0 0.22031250000000002 0.1827083269754167 0.0125 0.03125
0 0.59375 0.17958332697541668 0.0125 0.008333333333333333
0 0.7703125000000001 0.35666666030875 0.05 0.025
0 0.5851562500000781 0.5056249936420834 0.11079545454546871 0.04375
0 0.40390625 0.5045833269754166 0.0484375 0.0375
0 0.7953125000000001 0.5024999936420833 0.05 0.020833333333333332
0 0.6265625 0.45666666030875 0.040625 0.020833333333333332
0 0.63046875 0.4139583269754167 0.0421875 0.010416666666666666
0 0.8078125 0.6024999936420834 0.125 0.0375
0 0.81171875 0.5493749936420833 0.09531250000000001 0.03125
0 0.4078125000000782 0.40979166030875 0.2405399659864063 0.06875