4 0.4078125 0.6962499936420834 0.065625 0.041666666666666664
4 0.078125 0.60666666030875 0.034375 0.03333333333333333
0 0.2390625 0.6524999936420833 0.028125 0.0375
0 0.509375 0.9702083269754167 0.059375000000000004 0.09375
0 0.3796875 0.79416666030875 0.040625 0.05
0 0.45156250000000003 0.86916666030875 0.037500000000000006 0.058333333333333334
0 0.28828125 0.6795833269754167 0.010937500000000001 0.0125
0 0.34921875 0.9414583206177083 0.0140625 0.01875
0 0.10859375 0.6383333206177083 0.0234375 0.020833333333333332
0 0.53359375 0.805416647593125 0.0203125 0.04583333333333333
0 0.47187500000000004 0.5983333269754166 0.021875000000000002 0.025
0 0.19375 0.4368749936420833 0.015625 0.03125