1 0.4109375 0.393958330154375 0.34375 0.19791666666666666
1 0.63828125 0.44916666348770834 0.09843750000000001 0.1125
1 0.08203125 0.42624999682104164 0.09531250000000001 0.0375
1 0.7484375000000001 0.406458330154375 0.09062500000000001 0.035416666666666666
1 0.16015625 0.6012499968211458 0.2671875 0.1794697134039583
1 0.18906250000000002 0.4502083301544792 0.08631261003843749 0.10650486887687502
1 0.4281250000000782 0.550208330154375 0.25636411516859375 0.09375
1 0.66015625 0.5897916634878124 0.1921875 0.14810126582270833
1 0.7484375000000001 0.4739583333333333 0.096875 0.07291666666666667
1 0.4007812500000782 0.18958333333333333 0.44527329749109373 0.10833333333333334
1 0.07578125000000001 0.484375 0.0890625 0.04375