0 0.125 0.567916647593125 0.025 0.029166666666666667
0 0.05625 0.514791647593125 0.0125 0.014583333333333334
0 0.115625 0.5960416475931251 0.018750000000000003 0.022916666666666665
0 0.14765625000000002 0.4387499809264583 0.0171875 0.0125
0 0.171875 0.5158333142597917 0.08125 0.06666666666666667
0 0.20078125000000002 0.6012499809264583 0.0140625 0.0125
0 0.47109375000000003 0.8377083142597916 0.0234375 0.01875
0 0.4734375 0.9085416475931251 0.015625 0.022916666666666665
0 0.2828125 0.5970833142597917 0.015625 0.020833333333333332
0 0.3015625 0.5783333142597917 0.009375000000000001 0.008333333333333333
0 0.26015625000000003 0.5887499809264584 0.0234375 0.008333333333333333