0 0.28359375000000003 0.6377083142597917 0.026562500000000003 0.035416666666666666
0 0.28671875 0.702291647593125 0.0140625 0.035416666666666666
0 0.55703125 0.7314583142597917 0.0171875 0.014583333333333334
0 0.5390625 0.7616666475931251 0.015625 0.016666666666666666
0 0.5375 0.7074999809264584 0.0125 0.03333333333333333
0 0.72578125 0.952291647593125 0.029687500000000002 0.035416666666666666
0 0.12734375 0.6064583142597917 0.010937500000000001 0.022916666666666665
0 0.09453125000000001 0.5918749809264584 0.0140625 0.01875
0 0.21250000000000002 0.6512499809264584 0.08750000000000001 0.09166666666666666
0 0.54296875 0.8356249809264583 0.06406250000000001 0.06458333333333333
0 0.546875 0.9908333142597917 0.115411931818125 0.09146341463416666
0 0.7234375000000001 0.811666647593125 0.025 0.03333333333333333
0 0.63828125 1.0824999809264582 0.0734375 0.058333333333333334
0 0.16171875000000002 0.7606249809264584 0.1015625 0.09375
0 0.25078125 0.774166647593125 0.0734375 0.075
0 0.08828125 0.6231249809264584 0.0140625 0.027083333333333334
0 0.27187500000000003 0.880416647593125 0.043750000000000004 0.0375
0 0.43359375 0.9606249809264583 0.09843750000000001 0.09791666666666667