1 0.7398437499999219 0.8358333269754167 0.06738009991671871 0.05416666666666667
1 0.12812500000000002 0.4889583269754167 0.14375000000000002 0.12941176470583335
1 0.371875 0.41916666030875 0.37812500000000004 0.0625
1 0.6570312500000001 0.44624999364208334 0.1609375 0.075
1 0.265625 0.4858333269754167 0.10312500000000001 0.0625
1 0.46718750000000003 0.48479166030875004 0.146875 0.05625
1 0.640625 0.5764583269754167 0.17500000000000002 0.16458333333333333
1 0.73828125 0.75666666030875 0.0671875 0.09583333333333333
1 0.041406249999921874 0.7962499936422917 0.04827586206890625 0.06653225806458328
1 0.38593750000000004 0.7858333269754166 0.6312500000000001 0.21666666666666667
1 0.15156250000000002 0.6229166666666667 0.07500000000000001 0.09166666666666666