0 0.5109375 1.2168749968210415 0.10625000000000001 0.12708333333333333
0 0.5984375000000001 1.3027083317438541 0.043750000000000004 0.04458333651229177
0 0.40625 1.1460416634877082 0.078125 0.10208333333333333
0 0.60859375 0.7522916634877084 0.0421875 0.15208333333333332
0 0.65234375 0.6710416634877083 0.0171875 0.01875
0 0.17890625000000002 0.8449999968210417 0.026562500000000003 0.03333333333333333
0 0.57578125 0.981458330154375 0.0203125 0.035416666666666666
0 0.43125 0.9522916634877083 0.015625 0.022916666666666665
0 0.45859375 0.9012499968210417 0.0140625 0.020833333333333332
0 0.5671875000000001 0.847083330154375 0.025 0.025
0 0.56796875 0.8731249968210416 0.010937500000000001 0.010416666666666666
0 0.59140625 0.903333330154375 0.0234375 0.016666666666666666
0 0.5867187500000001 0.928333330154375 0.010937500000000001 0.020833333333333332
0 0.1640625 0.7710416634877083 0.03125 0.03125
0 0.35000000000000003 0.731458330154375 0.028125 0.027083333333333334
0 0.30781250000000004 0.6554166634877083 0.018750000000000003 0.016666666666666666
1 0.27734375 0.75625 0.09843750000000001 0.12083333333333333
1 0.35546875 0.9958333333333333 0.035937500000000004 0.06666666666666667