2 0.32421875 0.37020832697541667 0.0234375 0.01875
2 0.40703125 0.45979166030875 0.0203125 0.022916666666666665
2 0.42578125 0.55979166030875 0.0171875 0.01875
2 0.4078125 0.66916666030875 0.037500000000000006 0.0625
2 0.33984375 0.7962499936420834 0.0421875 0.020833333333333332
2 0.41640625000000003 0.25979166030875 0.010937500000000001 0.01875000000000003
0 0.30625 1.1970833341281248 0.03125 0.016666666666666666
0 0.07734375 1.2272916674614582 0.0234375 0.022916666666666665
2 0.3203125 0.4368749936420833 0.018750000000000003 0.022916666666666665
0 0.35859375000000004 1.2012500007947915 0.0140625 0.0125
0 0.3609375 1.2772916674614583 0.0125 0.010416666666666666
2 0.13808660450570312 0.7254166603089583 0.27304820901140625 0.5654157856437501