0 0.3484375 0.9931249936420833 0.025 0.01875
0 0.23671875 0.5420833269754167 0.0140625 0.016666666666666666
0 0.403125 0.47854166030875 0.065625 0.04375
0 0.49921875000000004 1.1012499968210416 0.0171875 0.008333333333333333
4 0.26484375 0.66291666030875 0.045312500000000006 0.05
0 0.53515625 0.5233333269754167 0.0140625 0.016666666666666666
0 0.4265625 0.9670833269754167 0.0125 0.016666666666666666
0 0.6640625 1.0262499968210417 0.03125 0.041666666666666664
0 0.5828125000000001 0.8981249968210416 0.018750000000000003 0.027083333333333334
0 0.47968750000000004 0.8918749968210417 0.0125 0.027083333333333334
0 0.48750000000000004 0.781458330154375 0.021875000000000002 0.014583333333333334
1 0.71015625 0.9858333269754167 0.06406250000000001 0.07083333333333333