0 0.18515625000000002 0.8712499936420833 0.22031250000000002 0.14166666666666666
0 0.5359375000000001 1.0016666650770834 0.096875 0.09416667620333333
0 0.7351562500000001 0.9320833365122917 0.0328125 0.03333333333333333
0 0.7296875 0.993541669845625 0.040625 0.035416666666666666
0 0.659375 0.9904166698456249 0.040625 0.025
0 0.6296875000000001 1.1987500031789584 0.034375 0.08333333333333333
0 0.43515625 0.856458334128125 0.045312500000000006 0.027083333333333334
0 0.7390625000000001 1.2783333341281249 0.021875000000000002 0.04583333333333333
0 0.7406250000000001 1.1147916674614582 0.018750000000000003 0.035416666666666666
0 0.63828125 1.3037500003973959 0.045312500000000006 0.029999999205208402
0 0.5789062500000001 1.281458334128125 0.029687500000000002 0.04375
0 0.51875 1.0883333365122918 0.0625 0.04583333333333333
0 0.55078125 1.1800000031789584 0.0734375 0.04583333333333333
0 0.33515625000000004 1.0706250031789584 0.11406250000000001 0.08125000000000011
0 0.3921875 0.9852083365122917 0.07500000000000001 0.05625
0 0.6640625 0.9362500031789583 0.028125 0.029166666666666667
0 0.6468750000000001 0.9585416674614584 0.02130681818187501 0.1353846153845834