2 0.5609375 0.6574999809264583 0.015625 0.05416666666666667
1 0.296875 1.155416663487708 0.27187500000000003 0.15
0 0.5437500000000001 0.71916666030875 0.009375000000000001 0.016666666666666666
0 0.515625 0.7264583269754167 0.009375000000000001 0.014583333333333334
0 0.62890625 0.8556249936420833 0.0203125 0.022916666666666665
0 0.72578125 0.6649999936420834 0.0328125 0.016666666666666666
0 0.69921875 1.1231249968210415 0.0328125 0.052083333333333336
0 0.55390625 1.0587499976158334 0.0203125 0.0375
0 0.51953125 1.0327083309491667 0.0140625 0.027083333333333334
0 0.30000000000000004 1.0139583309491667 0.015625 0.022916666666666665
1 0.2265625 0.8302083333333333 0.16875 0.06041666666666667