2 0.1703125 1.1022916634877082 0.040625 0.052083333333333336
0 0.13359375 0.6681249936420833 0.0421875 0.00625
0 0.6687500000000001 0.15979166030875 0.025 0.035416666666666666
0 0.7289062500000001 0.51604166030875 0.0171875 0.035416666666666666
0 0.45156250000000003 1.0125 0.015625 0.020833333333333332
0 0.49140625000000004 0.8479166666666667 0.029687500000000002 0.020833333333333332
0 0.69453125 0.765625 0.0140625 0.014583333333333334
0 0.6390625000000001 0.6166666666666667 0.043750000000000004 0.025
0 0.06171875 0.871875 0.0203125 0.022916666666666665
0 0.24375000000000002 0.8635416666666667 0.025 0.022916666666666665
0 0.27109375 0.8468749999999999 0.0171875 0.022916666666666665
0 0.23203125000000002 0.7052083333333333 0.0234375 0.03125