0 0.246875 0.37749999364208336 0.046875 0.06666666666666667
0 0.2171875 0.39937499364208334 0.037500000000000006 0.05625
0 0.17890625000000002 0.3170833269754167 0.0140625 0.025
0 0.14765625000000002 0.3670833269754167 0.0203125 0.04583333333333333
0 0.67109375 0.45666666030875 0.0078125 0.008333333333333333
0 0.6921875000000001 0.5149999936420834 0.0125 0.020833333333333332
0 0.32265625000000003 0.438958326975625 0.08348746497468751 0.053931581873749995
0 0.13593750000000002 0.5170833269754167 0.025 0.125
0 0.46484375 0.32854166030875004 0.010937500000000001 0.014583333333333334
0 0.42890625000000004 0.34624999364208336 0.0078125 0.0125
0 0.51875 0.33999999364208333 0.009375000000000001 0.008333333333333333
0 0.6765625000000001 0.36499999364208335 0.008750000000000036 0.025
0 0.259375 0.5243749936422917 0.059090909090937505 0.12259615384625006